20
1000000000 100000
99999 1 99999 100000
186 75
68 16 539 186
110 53
7 7 1 64417
254 99
1 8 9 74990
497151700 96511
9 7 6 999919625
1000000000 1
12 7 74 12
1000000000 100000
999999999 1 999999999 1000000000
45068754 29153
2 9 5 999904402
59 26
14 19 681 59
112 73
1 5 3 64100
28 21
6 5 1 85919
220 88
1 8 3 58265
693840425 90561
2 6 7 999957328
82 81
58 56 739 82
714311129 39521
9 5 9 999998192
73 26
5 8 4 54214
218492221 46085
3 7 1 999969453
177 73
7 7 5 56401
198 81
8 5 7 83495
1000000000 100000
100000 1 0 1000000000
